0.000000000000000000e+00
2.295891187991649651e-01
2.977429494168301605e-01
3.977857160417339055e-01
2.271813044505764934e-01
5.534271787550845145e-01
2.358024497070451142e-01
4.351304592816109262e-01
0.000000000000000000e+00
2.517477449243534782e-01
3.337197141805092748e-01
4.440283942314676713e-01
3.085522623455035363e-01
3.383485471496961994e-01
2.531265506546975241e-01
4.834508834940517974e-01
0.000000000000000000e+00
3.802005405000080662e-01
3.426964160772613677e-01
4.110229289350773585e-01
3.396034322538293293e-01
2.929854856590698442e-01
2.680571635753502546e-01
4.421798145292272220e-01
0.000000000000000000e+00
2.666401009299331770e-01
3.002180418122821770e-01
3.946437205027517048e-01
2.610366995900453846e-01
5.252563249852535421e-01
2.555310301287246344e-01
4.373987121570889203e-01
0.000000000000000000e+00
2.860617395747143132e-01
3.302266279968454343e-01
4.230008211199236534e-01
3.486959158878538134e-01
3.514465001152880519e-01
2.379901172022594324e-01
4.470751988998109550e-01
0.000000000000000000e+00
4.035037584369681740e-01
2.890609485836077575e-01
3.719972200386506000e-01
3.585302158071455025e-01
3.472500961094344696e-01
2.554194648698221992e-01
4.176522997275160520e-01
0.000000000000000000e+00
2.744858552007929942e-01
3.258925867337963411e-01
4.030909207832197860e-01
3.203031961057914989e-01
4.016463262670325607e-01
2.809190489225502629e-01
4.552357854198905707e-01
0.000000000000000000e+00
3.160581879882651268e-01
3.742323429234035159e-01
3.978021794145210066e-01
3.147530361801461063e-01
2.944937237134910846e-01
2.983560972747957840e-01
4.708715697814683243e-01
0.000000000000000000e+00
3.501064345408508860e-01
3.781152565969731483e-01
3.894740254460702378e-01
2.911553422285145243e-01
2.893364877399540180e-01
3.122376919358729741e-01
4.646817257989803718e-01
3.175778920472178135e-01
0.000000000000000000e+00
0.000000000000000000e+00
0.000000000000000000e+00
0.000000000000000000e+00
0.000000000000000000e+00
0.000000000000000000e+00
0.000000000000000000e+00
0.000000000000000000e+00
